[[0.         1.         2.         3.         4.         1.
  1.41421356 2.23606798 3.16227766 4.12310563 2.         2.23606798
  2.82842712 3.60555128 4.47213595 3.         3.16227766 3.60555128
  4.24264069 5.         4.         4.12310563 4.47213595 5.
  5.65685425]
 [1.         0.         1.         2.         3.         1.41421356
  1.         1.41421356 2.23606798 3.16227766 2.23606798 2.
  2.23606798 2.82842712 3.60555128 3.16227766 3.         3.16227766
  3.60555128 4.24264069 4.12310563 4.         4.12310563 4.47213595
  5.        ]
 [2.         1.         0.         1.         2.         2.23606798
  1.41421356 1.         1.41421356 2.23606798 2.82842712 2.23606798
  2.         2.23606798 2.82842712 3.60555128 3.16227766 3.
  3.16227766 3.60555128 4.47213595 4.12310563 4.         4.12310563
  4.47213595]
 [3.         2.         1.         0.         1.         3.16227766
  2.23606798 1.41421356 1.         1.41421356 3.60555128 2.82842712
  2.23606798 2.         2.23606798 4.24264069 3.60555128 3.16227766
  3.         3.16227766 5.         4.47213595 4.12310563 4.
  4.12310563]
 [4.         3.         2.         1.         0.         4.12310563
  3.16227766 2.23606798 1.41421356 1.         4.47213595 3.60555128
  2.82842712 2.23606798 2.         5.         4.24264069 3.60555128
  3.16227766 3.         5.65685425 5.         4.47213595 4.12310563
  4.        ]
 [1.         1.41421356 2.23606798 3.16227766 4.12310563 0.
  1.         2.         3.         4.         1.         1.41421356
  2.23606798 3.16227766 4.12310563 2.         2.23606798 2.82842712
  3.60555128 4.47213595 3.         3.16227766 3.60555128 4.24264069
  5.        ]
 [1.41421356 1.         1.41421356 2.23606798 3.16227766 1.
  0.         1.         2.         3.         1.41421356 1.
  1.41421356 2.23606798 3.16227766 2.23606798 2.         2.23606798
  2.82842712 3.60555128 3.16227766 3.         3.16227766 3.60555128
  4.24264069]
 [2.23606798 1.41421356 1.         1.41421356 2.23606798 2.
  1.         0.         1.         2.         2.23606798 1.41421356
  1.         1.41421356 2.23606798 2.82842712 2.23606798 2.
  2.23606798 2.82842712 3.60555128 3.16227766 3.         3.16227766
  3.60555128]
 [3.16227766 2.23606798 1.41421356 1.         1.41421356 3.
  2.         1.         0.         1.         3.16227766 2.23606798
  1.41421356 1.         1.41421356 3.60555128 2.82842712 2.23606798
  2.         2.23606798 4.24264069 3.60555128 3.16227766 3.
  3.16227766]
 [4.12310563 3.16227766 2.23606798 1.41421356 1.         4.
  3.         2.         1.         0.         4.12310563 3.16227766
  2.23606798 1.41421356 1.         4.47213595 3.60555128 2.82842712
  2.23606798 2.         5.         4.24264069 3.60555128 3.16227766
  3.        ]
 [2.         2.23606798 2.82842712 3.60555128 4.47213595 1.
  1.41421356 2.23606798 3.16227766 4.12310563 0.         1.
  2.         3.         4.         1.         1.41421356 2.23606798
  3.16227766 4.12310563 2.         2.23606798 2.82842712 3.60555128
  4.47213595]
 [2.23606798 2.         2.23606798 2.82842712 3.60555128 1.41421356
  1.         1.41421356 2.23606798 3.16227766 1.         0.
  1.         2.         3.         1.41421356 1.         1.41421356
  2.23606798 3.16227766 2.23606798 2.         2.23606798 2.82842712
  3.60555128]
 [2.82842712 2.23606798 2.         2.23606798 2.82842712 2.23606798
  1.41421356 1.         1.41421356 2.23606798 2.         1.
  0.         1.         2.         2.23606798 1.41421356 1.
  1.41421356 2.23606798 2.82842712 2.23606798 2.         2.23606798
  2.82842712]
 [3.60555128 2.82842712 2.23606798 2.         2.23606798 3.16227766
  2.23606798 1.41421356 1.         1.41421356 3.         2.
  1.         0.         1.         3.16227766 2.23606798 1.41421356
  1.         1.41421356 3.60555128 2.82842712 2.23606798 2.
  2.23606798]
 [4.47213595 3.60555128 2.82842712 2.23606798 2.         4.12310563
  3.16227766 2.23606798 1.41421356 1.         4.         3.
  2.         1.         0.         4.12310563 3.16227766 2.23606798
  1.41421356 1.         4.47213595 3.60555128 2.82842712 2.23606798
  2.        ]
 [3.         3.16227766 3.60555128 4.24264069 5.         2.
  2.23606798 2.82842712 3.60555128 4.47213595 1.         1.41421356
  2.23606798 3.16227766 4.12310563 0.         1.         2.
  3.         4.         1.         1.41421356 2.23606798 3.16227766
  4.12310563]
 [3.16227766 3.         3.16227766 3.60555128 4.24264069 2.23606798
  2.         2.23606798 2.82842712 3.60555128 1.41421356 1.
  1.41421356 2.23606798 3.16227766 1.         0.         1.
  2.         3.         1.41421356 1.         1.41421356 2.23606798
  3.16227766]
 [3.60555128 3.16227766 3.         3.16227766 3.60555128 2.82842712
  2.23606798 2.         2.23606798 2.82842712 2.23606798 1.41421356
  1.         1.41421356 2.23606798 2.         1.         0.
  1.         2.         2.23606798 1.41421356 1.         1.41421356
  2.23606798]
 [4.24264069 3.60555128 3.16227766 3.         3.16227766 3.60555128
  2.82842712 2.23606798 2.         2.23606798 3.16227766 2.23606798
  1.41421356 1.         1.41421356 3.         2.         1.
  0.         1.         3.16227766 2.23606798 1.41421356 1.
  1.41421356]
 [5.         4.24264069 3.60555128 3.16227766 3.         4.47213595
  3.60555128 2.82842712 2.23606798 2.         4.12310563 3.16227766
  2.23606798 1.41421356 1.         4.         3.         2.
  1.         0.         4.12310563 3.16227766 2.23606798 1.41421356
  1.        ]
 [4.         4.12310563 4.47213595 5.         5.65685425 3.
  3.16227766 3.60555128 4.24264069 5.         2.         2.23606798
  2.82842712 3.60555128 4.47213595 1.         1.41421356 2.23606798
  3.16227766 4.12310563 0.         1.         2.         3.
  4.        ]
 [4.12310563 4.         4.12310563 4.47213595 5.         3.16227766
  3.         3.16227766 3.60555128 4.24264069 2.23606798 2.
  2.23606798 2.82842712 3.60555128 1.41421356 1.         1.41421356
  2.23606798 3.16227766 1.         0.         1.         2.
  3.        ]
 [4.47213595 4.12310563 4.         4.12310563 4.47213595 3.60555128
  3.16227766 3.         3.16227766 3.60555128 2.82842712 2.23606798
  2.         2.23606798 2.82842712 2.23606798 1.41421356 1.
  1.41421356 2.23606798 2.         1.         0.         1.
  2.        ]
 [5.         4.47213595 4.12310563 4.         4.12310563 4.24264069
  3.60555128 3.16227766 3.         3.16227766 3.60555128 2.82842712
  2.23606798 2.         2.23606798 3.16227766 2.23606798 1.41421356
  1.         1.41421356 3.         2.         1.         0.
  1.        ]
 [5.65685425 5.         4.47213595 4.12310563 4.         5.
  4.24264069 3.60555128 3.16227766 3.         4.47213595 3.60555128
  2.82842712 2.23606798 2.         4.12310563 3.16227766 2.23606798
  1.41421356 1.         4.         3.         2.         1.
  0.        ]]